
       Имя   Мин :   Сек  Очки 
     Мамка     0 : 44,00   300 
  0  0  0  0  0
  1  0  0  0  0
  0  0  0  0  0
  0  0  0  0  0
  0  0  0  0  1

  #  1  0  0  0
  f  1  0  0  0
  1  1  0  0  0
  0  0  0  1  1
  0  0  0  1  f

       Имя   Мин :   Сек  Очки 
     Мамка     0 : 47,00   300 
  0  0  0  0  0
  1  0  0  0  0
  0  0  0  0  0
  0  0  0  0  0
  0  0  0  0  1

  #  1  0  0  0
  f  1  0  0  0
  1  1  0  0  0
  0  0  0  1  1
  0  0  0  1  f

       Имя   Мин :   Сек  Очки 
      Вася     0 : 25,00    95 
  0  0  0  0  0
  0  1  0  0  0
  0  0  0  0  1
  0  0  0  0  0
  0  0  0  0  0

  #  1  1  0  0
  #  *  1  1  1
  #  #  #  1  *
  #  #  #  1  1
  #  #  #  0  0

       Имя   Мин :   Сек  Очки 
      Вася     0 : 30,00    95 
  0  0  0  0  0
  0  1  0  0  0
  0  0  0  0  1
  0  0  0  0  0
  0  0  0  0  0

  #  1  1  0  0
  #  *  1  1  1
  #  #  #  1  *
  #  #  #  1  1
  #  #  #  0  0

       Имя   Мин :   Сек  Очки 
      Вася     0 : 31,00   320 
  0  0  0  0  0
  0  0  0  1  0
  0  0  0  1  0
  0  0  0  0  0
  0  0  0  0  0

  0  0  1  1  1
  0  0  2  *  2
  0  0  2  f  2
  0  0  1  1  1
  0  0  0  0  0

