      папа        375           3            0                    5          0          0 
         я        105           0            0                   20          0         22 
    Богдан        175           0            0                   20          0         45 
     Павел        345           2            0                   20          0         50 
ВинДросель        345           2            0                   20          1         50 
      Паша        345           2            0                   20          0         23 
      еапр        265           1            0                    3          0         30 
      dfcz        265           1            0                    3          1         23 
       sxd         75           0            0                    3          0         41 
       sxd         75           0            0                    3          0         41 
      Ivan         50           0            0                    0          0         29 
     Andry        160           1            0                    1          3         32 
     Andry         75           0            0                    0          0         19 
     Andry         75           0            0                    0          0         19 
    Bogdan         60           0            0                    2          0         16 
      Dima         75           0            0                    2          1         12 
   Dmitryi          0           0            0                    5          0         11 
       Asd         10           0            5                    5          0         13 
    Qwerty         60           0            5                    5          0         21 
;slkjdfbids         40           0            5                    5          0          6 
   KAHbjfl        215           0           15                   20          0         20 
       qwe        315           1           15                   20          0         27 
